 0.009399999999999999
 0.0057
 0.0012666666666666664
 0.0035375
 0.0102375
 0.009133333333333334
 0.007954545454545454
 0.019475000000000006
 0.024425000000000002
 0.028911111111111113
 0.05347083333333334
 0.009338888888888888
 0.0041375000000000006
 0.011065833333333332
 0.022850000000000002
 0.00019999999999999998
 0.0043125
 0.0023555555555555547
 0.025437500000000002
 0.0016124999999999996
 0.009133333333333334
 0.009975000000000001
 0.012299999999999998
 0.005866666666666667
 0.020900000000000002
 0.004166666666666667
 0.008775
 0.012908333333333334
 0.02833333333333333
 0.0012000000000000001
 0.024799999999999996
 0.0059125
 0.0002
 0.040225000000000004
 0.007508333333333333
 0.01707083333333333
 0.011654166666666665
 0.04240416666666667
 0.009166666666666668
 0.021453333333333335
 0.010220833333333332
 0.00042727272727272726
 0.040316666666666674
 0.013904166666666667
 0.02479583333333333
 0.030304166666666667
 0.008770833333333334
 0.021625000000000002
 0.033820833333333335
 0.0080375
 0.013912500000000001
 0.0077975000000000015
 0.013912500000000001
 0.0077975000000000015
  0.015666666666666666
 0.00285
 0.02279583333333333
 0.060013636363636366
 0.016008333333333336
 0.03009027777777777
 0.03236666666666666
 0.01445
 0.0037
 0.028997222222222226
 0.010254545454545452
  0.0008625
 0.0033499999999999997
 0.029799999999999997
 0.004929166666666667
 0.016433333333333335
 0.009016666666666666
 0.01736666666666667
 0.02855833333333334
 0.03830416666666666
 0.034404166666666666
 0.019354166666666662
 0.009291666666666667
 0.026799999999999997
 0.025018181818181814
 0.006679166666666668
 0.00665
 0.013025
 0.005465277777777777
 0.023912499999999996
 0.014612500000000002
 0.011936363636363637
 0.01454090909090909
 0.03458611111111111
  0.024391666666666662
 0.03399166666666668
 0.025349999999999998
 0.013336363636363636
  0.02691388888888889
 0.02282083333333333
  0.0007666666666666667
 0.0038333333333333336
 0.0031
 0.0001
 0.007170833333333334
  0.0003444444444444444